// Copyright (C) 2011, Sebastien Dalibard, CNRS
//
// This file is part of hpp-gik-tutorial.
// hpp-gik-tutorial is free software: you can redistribute it and/or
// modify it under the terms of the GNU Lesser General Public License
// as published by the Free Software Foundation, either version 3 of
// the License, or (at your option) any later version.
//
// hpp-gik-tutorial is distributed in the hope that it will be useful, but
// WITHOUT ANY WARRANTY; without even the implied warranty of
// MERCHANTABILITY or FITNESS FOR A PARTICULAR PURPOSE.  See the GNU
// General Lesser Public License for more details.  You should have
// received a copy of the GNU Lesser General Public License along with
// hpp-gik-tutorial. If not, see <http://www.gnu.org/licenses/>.
createJoint ("Trunk",FREEFLYER,buildMatrix4d(1.0, -0.0, 0.0, 0.0, 0.0, 1.0, -0.0, 0.0, 0.0, 0.0, 1.0, 0.0, 0.0, 0.0, 0.0, 1.0));
setMass ("Trunk",9.9216);
setLocalCenterOfMass("Trunk",vector3d(0.0023, 0.00038000000000000002, -0.04854));
setInertiaMatrix("Trunk",matrix3d(0.12933235299000001, 0.00035965149, -0.0028388800300000001, 0.00035965149, 0.12683108985, 0.0020084262400000001, -0.0028388800300000001, 0.0020084262400000001, 0.11062739082));
setDofBounds("Trunk",0,-10.0,10.0);
setDofBounds("Trunk",1,-10.0,10.0);
setDofBounds("Trunk",2,-10.0,10.0);
setDofBounds("Trunk",3,-1.57,1.57);
setDofBounds("Trunk",4,-1.57,1.57);
setDofBounds("Trunk",5,-1.0,1.0);
setRootJoint("Trunk");
createJoint ("TrunkYaw",ROTATION,buildMatrix4d(0.0, 1.0, -0.0, 0.0, 0.0, 0.0, 1.0, 0.0, 1.0, -0.0, 0.0, -0.20000000000000001, 0.0, 0.0, 0.0, 1.0));
setMass ("TrunkYaw",4.16277);
setLocalCenterOfMass("TrunkYaw",vector3d(-0.2119000003, 0.0093200003000000007, 5.0000040000000005e-07));
setInertiaMatrix("TrunkYaw",matrix3d(0.021473855999999999, -0.0028291549999999999, -0.00030625200000000002, -0.0028291549999999999, 0.24187936700000001, 6.8895999999999999e-05, -0.00030625200000000002, 6.8895999999999999e-05, 0.238167713));
setDofBounds("TrunkYaw",0,-0.785398163397,0.785398163397);
addChildJoint("Trunk","TrunkYaw");
createJoint ("LHipYaw",ROTATION,buildMatrix4d(0.0, 1.0, -0.0, 0.0, 0.0, 0.0, 1.0, 0.096000000000000002, 1.0, -0.0, 0.0, -0.40004000000000001, 0.0, 0.0, 0.0, 1.0));
setMass ("LHipYaw",0.7);
setLocalCenterOfMass("LHipYaw",vector3d(3e-10, 3e-10, 4.0000000000000001e-13));
setInertiaMatrix("LHipYaw",matrix3d(1.0000000000000001e-09, 0.0, 0.0, 0.0, 1.0000000000000001e-09, 0.0, 0.0, 0.0, 1.0000000000000001e-09));
setDofBounds("LHipYaw",0,-0.261799387799,0.261799387799);
addChildJoint("TrunkYaw","LHipYaw");
createJoint ("LHipRoll",ROTATION,buildMatrix4d(1.0, -0.0, 0.0, 0.0, 0.0, 1.0, -0.0, 0.096000000000000002, 0.0, 0.0, 1.0, -0.40004000000000001, 0.0, 0.0, 0.0, 1.0));
setMass ("LHipRoll",0.7);
setLocalCenterOfMass("LHipRoll",vector3d(3e-10, 3e-10, 4.0000000000000001e-13));
setInertiaMatrix("LHipRoll",matrix3d(1.0000000000000001e-09, 0.0, 0.0, 0.0, 1.0000000000000001e-09, 0.0, 0.0, 0.0, 1.0000000000000001e-09));
setDofBounds("LHipRoll",0,-0.261799387799,0.523598775598);
addChildJoint("LHipYaw","LHipRoll");
createJoint ("LHipPitch",ROTATION,buildMatrix4d(0.0, 1.0, 0.0, 0.0, 1.0, 0.0, 0.0, 0.096000000000000002, 0.0, 0.0, -1.0, -0.40004000000000001, 0.0, 0.0, 0.0, 1.0));
setMass ("LHipPitch",4.37164);
setLocalCenterOfMass("LHipPitch",vector3d(0.00036000030000000002, -0.021350000300000001, 0.13553000039999999));
setInertiaMatrix("LHipPitch",matrix3d(0.12239374, 0.00014746299999999999, -9.3054999999999996e-05, 0.00014746299999999999, 0.11975300899999999, -0.0092199629999999994, -9.3054999999999996e-05, -0.0092199629999999994, 0.01278465));
setDofBounds("LHipPitch",0,-1.71042266695,0.523598775598);
addChildJoint("LHipRoll","LHipPitch");
createJoint ("LKneePitch",ROTATION,buildMatrix4d(0.0, 1.0, 0.0, 0.0, 1.0, 0.0, 0.0, 0.096000000000000002, 0.0, 0.0, -1.0, -0.72004000000000001, 0.0, 0.0, 0.0, 1.0));
setMass ("LKneePitch",2.66414);
setLocalCenterOfMass("LKneePitch",vector3d(-0.00028000030000000002, -0.0052900003000000001, 0.1351000004));
setInertiaMatrix("LKneePitch",matrix3d(0.070363092000000002, 4.9579999999999998e-06, 3.3998999999999998e-05, 4.9579999999999998e-06, 0.070576233000000002, -0.0020957229999999999, 3.3998999999999998e-05, -0.0020957229999999999, 0.0036839910000000002));
setDofBounds("LKneePitch",0,-0.0523598775598,2.25147473507);
addChildJoint("LHipPitch","LKneePitch");
createJoint ("LAnklePitch",ROTATION,buildMatrix4d(0.0, 1.0, 0.0, 0.0, 1.0, 0.0, 0.0, 0.096000000000000002, 0.0, 0.0, -1.0, -1.01004, 0.0, 0.0, 0.0, 1.0));
setMass ("LAnklePitch",0.7);
setLocalCenterOfMass("LAnklePitch",vector3d(3e-10, 3e-10, 4.0000000000000001e-13));
setInertiaMatrix("LAnklePitch",matrix3d(1.0000000000000001e-09, 0.0, 0.0, 0.0, 1.0000000000000001e-09, 0.0, 0.0, 0.0, 1.0000000000000001e-09));
setDofBounds("LAnklePitch",0,-0.785398163397,0.523598775598);
addChildJoint("LKneePitch","LAnklePitch");
createJoint ("LAnkleRoll",ROTATION,buildMatrix4d(1.0, -0.0, 0.0, 0.0, 0.0, 1.0, -0.0, 0.096000000000000002, 0.0, 0.0, 1.0, -1.01004, 0.0, 0.0, 0.0, 1.0));
setMass ("LAnkleRoll",0.7);
setLocalCenterOfMass("LAnkleRoll",vector3d(3e-10, 3e-10, 4.0000000000000001e-13));
setInertiaMatrix("LAnkleRoll",matrix3d(1.0000000000000001e-09, 0.0, 0.0, 0.0, 1.0000000000000001e-09, 0.0, 0.0, 0.0, 1.0000000000000001e-09));
setDofBounds("LAnkleRoll",0,-0.349065850399,0.349065850399);
addChildJoint("LAnklePitch","LAnkleRoll");
createJoint ("LToePitch",ROTATION,buildMatrix4d(0.0, 1.0, 0.0, 0.1135, 1.0, 0.0, 0.0, 0.096000000000000002, 0.0, 0.0, -1.0, -1.0624400000000001, 0.0, 0.0, 0.0, 1.0));
setMass ("LToePitch",0.3);
setLocalCenterOfMass("LToePitch",vector3d(3e-10, 3e-10, 4.0000000000000001e-13));
setInertiaMatrix("LToePitch",matrix3d(1.0000000000000001e-09, 0.0, 0.0, 0.0, 1.0000000000000001e-09, 0.0, 0.0, 0.0, 1.0000000000000001e-09));
setDofBounds("LToePitch",0,-0.785398163397,0.0);
addChildJoint("LAnkleRoll","LToePitch");
createJoint ("RHipYaw",ROTATION,buildMatrix4d(0.0, 1.0, -0.0, 0.0, 0.0, 0.0, 1.0, -0.096000000000000002, 1.0, -0.0, 0.0, -0.40004000000000001, 0.0, 0.0, 0.0, 1.0));
setMass ("RHipYaw",0.7);
setLocalCenterOfMass("RHipYaw",vector3d(3e-10, 3e-10, 4.0000000000000001e-13));
setInertiaMatrix("RHipYaw",matrix3d(1.0000000000000001e-09, 0.0, 0.0, 0.0, 1.0000000000000001e-09, 0.0, 0.0, 0.0, 1.0000000000000001e-09));
setDofBounds("RHipYaw",0,-0.261799387799,0.261799387799);
addChildJoint("TrunkYaw","RHipYaw");
createJoint ("RHipRoll",ROTATION,buildMatrix4d(1.0, -0.0, 0.0, 0.0, 0.0, 1.0, -0.0, -0.096000000000000002, 0.0, 0.0, 1.0, -0.40004000000000001, 0.0, 0.0, 0.0, 1.0));
setMass ("RHipRoll",0.7);
setLocalCenterOfMass("RHipRoll",vector3d(3e-10, 3e-10, 4.0000000000000001e-13));
setInertiaMatrix("RHipRoll",matrix3d(1.0000000000000001e-09, 0.0, 0.0, 0.0, 1.0000000000000001e-09, 0.0, 0.0, 0.0, 1.0000000000000001e-09));
setDofBounds("RHipRoll",0,-0.523598775598,0.261799387799);
addChildJoint("RHipYaw","RHipRoll");
createJoint ("RHipPitch",ROTATION,buildMatrix4d(0.0, 1.0, 0.0, 0.0, 1.0, 0.0, 0.0, -0.096000000000000002, 0.0, 0.0, -1.0, -0.40004000000000001, 0.0, 0.0, 0.0, 1.0));
setMass ("RHipPitch",4.37164);
setLocalCenterOfMass("RHipPitch",vector3d(-0.00036000030000000002, -0.021350000300000001, 0.13553000039999999));
setInertiaMatrix("RHipPitch",matrix3d(0.12239374, 0.0, 0.0, 0.0, 0.11975300899999999, 0.0, 0.0, 0.0, 0.01278465));
setDofBounds("RHipPitch",0,-1.71042266695,0.523598775598);
addChildJoint("RHipRoll","RHipPitch");
createJoint ("RKneePitch",ROTATION,buildMatrix4d(0.0, 1.0, 0.0, 0.0, 1.0, 0.0, 0.0, -0.096000000000000002, 0.0, 0.0, -1.0, -0.72004000000000001, 0.0, 0.0, 0.0, 1.0));
setMass ("RKneePitch",2.66414);
setLocalCenterOfMass("RKneePitch",vector3d(0.00027999999999999998, -0.0052900000000000004, 0.13500000004000001));
setInertiaMatrix("RKneePitch",matrix3d(0.070363092000000002, 0.0, 0.0, 0.0, 0.070576233000000002, 0.0, 0.0, 0.0, 0.0036839910000000002));
setDofBounds("RKneePitch",0,-0.0523598775598,2.25147473507);
addChildJoint("RHipPitch","RKneePitch");
createJoint ("RAnklePitch",ROTATION,buildMatrix4d(0.0, 1.0, 0.0, 0.0, 1.0, 0.0, 0.0, -0.096000000000000002, 0.0, 0.0, -1.0, -1.01004, 0.0, 0.0, 0.0, 1.0));
setMass ("RAnklePitch",0.7);
setLocalCenterOfMass("RAnklePitch",vector3d(3e-10, 3e-10, 4.0000000000000001e-13));
setInertiaMatrix("RAnklePitch",matrix3d(1.0000000000000001e-09, 0.0, 0.0, 0.0, 1.0000000000000001e-09, 0.0, 0.0, 0.0, 1.0000000000000001e-09));
setDofBounds("RAnklePitch",0,-0.785398163397,0.523598775598);
addChildJoint("RKneePitch","RAnklePitch");
createJoint ("RAnkleRoll",ROTATION,buildMatrix4d(1.0, -0.0, 0.0, 0.0, 0.0, 1.0, -0.0, -0.096000000000000002, 0.0, 0.0, 1.0, -1.01004, 0.0, 0.0, 0.0, 1.0));
setMass ("RAnkleRoll",0.7);
setLocalCenterOfMass("RAnkleRoll",vector3d(3e-10, 3e-10, 4.0000000000000001e-13));
setInertiaMatrix("RAnkleRoll",matrix3d(1.0000000000000001e-09, 0.0, 0.0, 0.0, 1.0000000000000001e-09, 0.0, 0.0, 0.0, 1.0000000000000001e-09));
setDofBounds("RAnkleRoll",0,-0.349065850399,0.349065850399);
addChildJoint("RAnklePitch","RAnkleRoll");
createJoint ("RToePitch",ROTATION,buildMatrix4d(0.0, 1.0, 0.0, 0.1135, 1.0, 0.0, 0.0, -0.096000000000000002, 0.0, 0.0, -1.0, -1.0624400000000001, 0.0, 0.0, 0.0, 1.0));
setMass ("RToePitch",0.3);
setLocalCenterOfMass("RToePitch",vector3d(3e-10, 3e-10, 4.0000000000000001e-13));
setInertiaMatrix("RToePitch",matrix3d(1.0000000000000001e-09, 0.0, 0.0, 0.0, 1.0000000000000001e-09, 0.0, 0.0, 0.0, 1.0000000000000001e-09));
setDofBounds("RToePitch",0,-0.785398163397,0.0);
addChildJoint("RAnkleRoll","RToePitch");
createJoint ("RShoulderPitch",ROTATION,buildMatrix4d(0.0, 1.0, 0.0, 0.0050000000000000001, 1.0, 0.0, 0.0, -0.19, 0.0, 0.0, -1.0, 0.0, 0.0, 0.0, 0.0, 1.0));
setMass ("RShoulderPitch",0.575);
setLocalCenterOfMass("RShoulderPitch",vector3d(-0.0038100003000000001, 0.069870000299999999, 1.6500004000000001e-06));
setInertiaMatrix("RShoulderPitch",matrix3d(0.001079818, -4.7258000000000001e-05, -1.5475999999999999e-05, -4.7258000000000001e-05, 0.00011252900000000001, 1.7039999999999999e-05, -1.5475999999999999e-05, 1.7039999999999999e-05, 0.0011536700000000001));
setDofBounds("RShoulderPitch",0,-2.09439510239,1.57079632679);
addChildJoint("Trunk","RShoulderPitch");
createJoint ("RShoulderYaw",ROTATION,buildMatrix4d(0.0, 1.0, -0.0, 0.0050000000000000001, 0.0, 0.0, 1.0, -0.19, 1.0, -0.0, 0.0, 0.0, 0.0, 0.0, 0.0, 1.0));
setMass ("RShoulderYaw",0.58882);
setLocalCenterOfMass("RShoulderYaw",vector3d(-0.00072000030000000004, 0.093700000300000003, -1.37300004e-05));
setInertiaMatrix("RShoulderYaw",matrix3d(0.0068087360000000001, -6.7507000000000003e-05, 1.2441e-05, -6.7507000000000003e-05, 0.00076013000000000003, -0.00064253200000000002, 1.2441e-05, -0.00064253200000000002, 0.0066746100000000001));
setDofBounds("RShoulderYaw",0,-1.57079632679,0.174532925199);
addChildJoint("RShoulderPitch","RShoulderYaw");
createJoint ("RElbowRoll",ROTATION,buildMatrix4d(1.0, -0.0, 0.0, 0.20999999999999999, 0.0, 1.0, -0.0, -0.19, 0.0, 0.0, 1.0, 0.0, 0.0, 0.0, 0.0, 1.0));
setMass ("RElbowRoll",0.39848);
setLocalCenterOfMass("RElbowRoll",vector3d(-0.022310000300000001, -0.002400000000003, 4.0000000000000001e-13));
setInertiaMatrix("RElbowRoll",matrix3d(0.00017900300000000001, 2.2560000000000001e-06, -1.4e-08, 2.2560000000000001e-06, 0.000804322, -8.0000000000000002e-08, -1.4e-08, -8.0000000000000002e-08, 0.00077956));
setDofBounds("RElbowRoll",0,-2.07694180987,0.593411945678);
addChildJoint("RShoulderYaw","RElbowRoll");
createJoint ("RElbowYaw",ROTATION,buildMatrix4d(0.0, 1.0, -0.0, 0.20999999999999999, 0.0, 0.0, 1.0, -0.19, 1.0, -0.0, 0.0, 0.0, 0.0, 0.0, 0.0, 1.0));
setMass ("RElbowYaw",0.31403);
setLocalCenterOfMass("RElbowYaw",vector3d(0.0002200003, 0.067530000300000004, -8.8900003999999993e-06));
setInertiaMatrix("RElbowYaw",matrix3d(0.0021149300000000001, 5.3789999999999997e-06, -3.1930000000000002e-06, 5.3789999999999997e-06, 0.00036672799999999998, -0.00018563100000000001, -3.1930000000000002e-06, -0.00018563100000000001, 0.002111038));
setDofBounds("RElbowYaw",0,-0.174532925199,1.57079632679);
addChildJoint("RElbowRoll","RElbowYaw");
createJoint ("RWristRoll",ROTATION,buildMatrix4d(1.0, -0.0, 0.0, 0.39200000000000002, 0.0, 1.0, -0.0, -0.19, 0.0, 0.0, 1.0, 0.0, 0.0, 0.0, 0.0, 1.0));
setMass ("RWristRoll",0.17563);
setLocalCenterOfMass("RWristRoll",vector3d(-0.059300000300000003, -5.0000300000000003e-05, -6.9000040000000003e-07));
setInertiaMatrix("RWristRoll",matrix3d(6.7214999999999999e-05, 6.37e-07, 1.3580999999999999e-05, 6.37e-07, 0.00085119600000000003, 2.4e-08, 1.3580999999999999e-05, 2.4e-08, 0.00084034799999999998));
setDofBounds("RWristRoll",0,-0.523598775598,3.66519142919);
addChildJoint("RElbowYaw","RWristRoll");
createJoint ("RWristYaw",ROTATION,buildMatrix4d(0.0, 1.0, 0.0, 0.39200000000000002, 1.0, 0.0, 0.0, -0.19, 0.0, 0.0, -1.0, 0.0, 0.0, 0.0, 0.0, 1.0));
setMass ("RWristYaw",0.07595);
setLocalCenterOfMass("RWristYaw",vector3d(-0.00016000030000000001, -0.0074600003000000002, 2.2000040000000001e-07));
setInertiaMatrix("RWristYaw",matrix3d(3.9190999999999998e-05, 4.1999999999999999e-08, 3e-09, 4.1999999999999999e-08, 1.454e-05, 7.7000000000000001e-08, 3e-09, 7.7000000000000001e-08, 3.8179000000000002e-05));
setDofBounds("RWristYaw",0,-0.488692190558,0.488692190558);
addChildJoint("RWristRoll","RWristYaw");
createJoint ("RWristPitch",ROTATION,buildMatrix4d(0.0, 1.0, -0.0, 0.39200000000000002, 0.0, 0.0, 1.0, -0.19, 1.0, -0.0, 0.0, 0.0, 0.0, 0.0, 0.0, 1.0));
setMass ("RWristPitch",0.16569);
setLocalCenterOfMass("RWristPitch",vector3d(-0.0016500003000000001, 0.069870000299999999, 3.8100004000000001e-06));
setInertiaMatrix("RWristPitch",matrix3d(0.0011536700000000001, 0.0, 0.0, 0.0, 0.00011252900000000001, 0.0, 0.0, 0.0, 0.001079818));
setDofBounds("RWristPitch",0,-0.977384381117,0.977384381117);
addChildJoint("RWristYaw","RWristPitch");
createJoint ("LShoulderPitch",ROTATION,buildMatrix4d(0.0, 1.0, 0.0, 0.0050000000000000001, 1.0, 0.0, 0.0, 0.19, 0.0, 0.0, -1.0, 0.0, 0.0, 0.0, 0.0, 1.0));
setMass ("LShoulderPitch",0.575);
setLocalCenterOfMass("LShoulderPitch",vector3d(3e-10, 3e-10, 4.0000000000000001e-13));
setInertiaMatrix("LShoulderPitch",matrix3d(1.0000000000000001e-09, 0.0, 0.0, 0.0, 1.0000000000000001e-09, 0.0, 0.0, 0.0, 1.0000000000000001e-09));
setDofBounds("LShoulderPitch",0,-2.09439510239,1.57079632679);
addChildJoint("Trunk","LShoulderPitch");
createJoint ("LShoulderYaw",ROTATION,buildMatrix4d(0.0, 1.0, -0.0, 0.0050000000000000001, 0.0, 0.0, 1.0, 0.19, 1.0, -0.0, 0.0, 0.0, 0.0, 0.0, 0.0, 1.0));
setMass ("LShoulderYaw",0.45844);
setLocalCenterOfMass("LShoulderYaw",vector3d(0.0013100003000000001, 0.096030000300000001, 8.7300000400000001e-05));
setInertiaMatrix("LShoulderYaw",matrix3d(0.0056808070000000004, 7.4590000000000002e-05, 1.243e-05, 7.4590000000000002e-05, 0.00059506200000000004, 0.00029836100000000003, 1.243e-05, 0.00029836100000000003, 0.0056751060000000001));
setDofBounds("LShoulderYaw",0,-0.349065850399,2.09439510239);
addChildJoint("LShoulderPitch","LShoulderYaw");
createJoint ("LElbowRoll",ROTATION,buildMatrix4d(1.0, -0.0, 0.0, 0.20999999999999999, 0.0, 1.0, -0.0, 0.19, 0.0, 0.0, 1.0, 0.0, 0.0, 0.0, 0.0, 1.0));
setMass ("LElbowRoll",0.39848);
setLocalCenterOfMass("LElbowRoll",vector3d(-0.022310000300000001, -0.0024000002999999999, 4.0000000000000001e-13));
setInertiaMatrix("LElbowRoll",matrix3d(0.00017900300000000001, 2.2560000000000001e-06, -1.4e-08, 2.2560000000000001e-06, 0.000804322, -8.0000000000000002e-08, -1.4e-08, -8.0000000000000002e-08, 0.00077956));
setDofBounds("LElbowRoll",0,-0.593411945678,2.07694180987);
addChildJoint("LShoulderYaw","LElbowRoll");
createJoint ("LElbowYaw",ROTATION,buildMatrix4d(0.0, 1.0, -0.0, 0.20999999999999999, 0.0, 0.0, 1.0, 0.19, 1.0, -0.0, 0.0, 0.0, 0.0, 0.0, 0.0, 1.0));
setMass ("LElbowYaw",0.31265);
setLocalCenterOfMass("LElbowYaw",vector3d(-0.00031000029999999999, 0.067380000300000006, 1.04300004e-05));
setInertiaMatrix("LElbowYaw",matrix3d(0.0021106480000000001, -2.5809999999999999e-06, -2.7460000000000001e-06, -2.5809999999999999e-06, 0.000375096, 0.000225283, -2.7460000000000001e-06, 0.000225283, 0.0020972759999999999));
setDofBounds("LElbowYaw",0,-1.57079632679,0.174532925199);
addChildJoint("LElbowRoll","LElbowYaw");
createJoint ("LWristRoll",ROTATION,buildMatrix4d(1.0, -0.0, 0.0, 0.39200000000000002, 0.0, 1.0, -0.0, 0.19, 0.0, 0.0, 1.0, 0.0, 0.0, 0.0, 0.0, 1.0));
setMass ("LWristRoll",0.17563);
setLocalCenterOfMass("LWristRoll",vector3d(-0.059300000300000003, -5.0000300000000003e-05, -6.9000040000000003e-07));
setInertiaMatrix("LWristRoll",matrix3d(6.7214999999999999e-05, 6.37e-07, 1.3580999999999999e-05, 6.37e-07, 0.00085119600000000003, 2.4e-08, 1.3580999999999999e-05, 2.4e-08, 0.00084034799999999998));
setDofBounds("LWristRoll",0,-3.66519142919,0.523598775598);
addChildJoint("LElbowYaw","LWristRoll");
createJoint ("LWristYaw",ROTATION,buildMatrix4d(0.0, 1.0, 0.0, 0.39200000000000002, 1.0, 0.0, 0.0, 0.19, 0.0, 0.0, -1.0, 0.0, 0.0, 0.0, 0.0, 1.0));
setMass ("LWristYaw",0.07595);
setLocalCenterOfMass("LWristYaw",vector3d(-0.00016000030000000001, -0.0074600003000000002, 2.2000040000000001e-07));
setInertiaMatrix("LWristYaw",matrix3d(3.9190999999999998e-05, 4.1999999999999999e-08, 3e-09, 4.1999999999999999e-08, 1.454e-05, 7.7000000000000001e-08, 3e-09, 7.7000000000000001e-08, 3.8179000000000002e-05));
setDofBounds("LWristYaw",0,-0.488692190558,0.663225115758);
addChildJoint("LWristRoll","LWristYaw");
createJoint ("LWristPitch",ROTATION,buildMatrix4d(0.0, 1.0, -0.0, 0.39200000000000002, 0.0, 0.0, 1.0, 0.19, 1.0, -0.0, 0.0, 0.0, 0.0, 0.0, 0.0, 1.0));
setMass ("LWristPitch",0.16569);
setLocalCenterOfMass("LWristPitch",vector3d(-0.0016500003000000001, 0.069870000299999999, -3.8100004000000001e-06));
setInertiaMatrix("LWristPitch",matrix3d(0.0011536700000000001, -1.7039999999999999e-05, 1.5475999999999999e-05, -1.7039999999999999e-05, 0.00011252900000000001, -4.7258000000000001e-05, 1.5475999999999999e-05, -4.7258000000000001e-05, 0.001079818));
setDofBounds("LWristPitch",0,-0.977384381117,0.977384381117);
addChildJoint("LWristYaw","LWristPitch");
createJoint ("NeckYaw",ROTATION,buildMatrix4d(0.0, 1.0, -0.0, 0.0, 0.0, 0.0, 1.0, 0.0, 1.0, -0.0, 0.0, 0.083500000000000005, 0.0, 0.0, 0.0, 1.0));
setMass ("NeckYaw",0.475);
setLocalCenterOfMass("NeckYaw",vector3d(3e-10, 3e-10, 4.0000000000000001e-13));
setInertiaMatrix("NeckYaw",matrix3d(1.0000000000000001e-09, 0.0, 0.0, 0.0, 1.0000000000000001e-09, 0.0, 0.0, 0.0, 1.0000000000000001e-09));
setDofBounds("NeckYaw",0,-1.57079632679,1.57079632679);
addChildJoint("Trunk","NeckYaw");
createJoint ("NeckPitch",ROTATION,buildMatrix4d(0.0, 1.0, 0.0, 0.0, 1.0, 0.0, 0.0, 0.0, 0.0, 0.0, -1.0, 0.083500000000000005, 0.0, 0.0, 0.0, 1.0));
setMass ("NeckPitch",0.475);
setLocalCenterOfMass("NeckPitch",vector3d(3e-10, 3e-10, 4.0000000000000001e-13));
setInertiaMatrix("NeckPitch",matrix3d(1.0000000000000001e-09, 0.0, 0.0, 0.0, 1.0000000000000001e-09, 0.0, 0.0, 0.0, 1.0000000000000001e-09));
setDofBounds("NeckPitch",0,-0.698131700798,0.698131700798);
addChildJoint("NeckYaw","NeckPitch");
createJoint ("HeadPitch",ROTATION,buildMatrix4d(0.0, 1.0, 0.0, 0.0, 1.0, 0.0, 0.0, 0.0, 0.0, 0.0, -1.0, 0.17860999999999999, 0.0, 0.0, 0.0, 1.0));
setMass ("HeadPitch",0.475);
setLocalCenterOfMass("HeadPitch",vector3d(3e-10, 3e-10, 4.0000000000000001e-13));
setInertiaMatrix("HeadPitch",matrix3d(1.0000000000000001e-09, 0.0, 0.0, 0.0, 1.0000000000000001e-09, 0.0, 0.0, 0.0, 1.0000000000000001e-09));
setDofBounds("HeadPitch",0,-0.289724655831,0.349065850399);
addChildJoint("NeckPitch","HeadPitch");
createJoint ("HeadRoll",ROTATION,buildMatrix4d(1.0, -0.0, 0.0, 0.0, 0.0, 1.0, -0.0, 0.0, 0.0, 0.0, 1.0, 0.17860999999999999, 0.0, 0.0, 0.0, 1.0));
setMass ("HeadRoll",1.5);
setLocalCenterOfMass("HeadRoll",vector3d(0.0, 0.0, 0.0));
setInertiaMatrix("HeadRoll",matrix3d(1.0000000000000001e-09, 0.0, 0.0, 0.0, 1.0000000000000001e-09, 0.0, 0.0, 0.0, 1.0000000000000001e-09));
setDofBounds("HeadRoll",0,-0.523598775598,0.523598775598);
addChildJoint("HeadPitch","HeadRoll");
setWaist("TrunkYaw");
setChest("Trunk");
setLeftWrist("LWristPitch");
setRightWrist("RWristPitch");
setLeftAnkle("LAnkleRoll");
setRightAnkle("RAnkleRoll");
setGazeJoint("HeadRoll");
setLeftHandParameters(vector3d(-0.015900000000000001, 0.11, 0.0),vector3d(0.0, 0.0, -1.0),vector3d(0.0, 1.0, 0.0),vector3d(-1.0, 0.0, 0.0));
setRightHandParameters(vector3d(-0.015900000000000001, 0.10999999999999999, 0.0),vector3d(0.0, 0.0, 1.0),vector3d(0.0, 0.99999999999999989, 0.0),vector3d(-1.0, 0.0, 0.0));
setLeftFootParameters(0.1005,0.053,vector3d(-0.020299999999999999, -0.0033999999999999998, 0.101197009));
setRightFootParameters(0.1005,0.053,vector3d(-0.020299999999999999, 0.0033999999999999998, 0.101197009));
setGazeParameters(vector3d(0.10000000000000001, 0.0, 0.10000000000000001),vector3d(1.0, 0.0, 0.0));
initializeRobot();
